2557568, 3759110: 2594124, 3746832
2684200, 1861612: 2816974, 2000000
1003362, 1946094: 1972523, 2563441
2142655, 1481541: 1932524, 967542
2796219, 1955744: 2816974, 2000000
3890832, 1818644: 3454717, 2547103
2828842, 1921726: 2816974, 2000000
2065227, 583957:  1932524, 967542
2725784, 2088998: 2816974, 2000000
3574347, 927734:  1932524, 967542
2939312, 2652370: 3454717, 2547103
2495187, 3681541: 2431306, 3703654
2878002, 2054681: 2816974, 2000000
1539310, 3235516: 1972523, 2563441
545413,  533006:  -538654, 69689
1828899, 3980292: 2431306, 3703654
3275729, 2937931: 3454717, 2547103
600131,  3861189: 2431306, 3703654
2089895, 28975:   1932524, 967542
2960402, 3942666: 2594124, 3746832
3785083, 3905392: 2594124, 3746832
1721938, 1077173: 1932524, 967542
2515156, 3751221: 2594124, 3746832
2469423, 2109095: 2816974, 2000000
1776986, 904092:  1932524, 967542
2789294, 3316115: 2594124, 3746832
3538757, 2695066: 3454717, 2547103
2299738, 2708004: 1972523, 2563441
2388366, 3234346: 2431306, 3703654
